-100 -1594
-100 -1594
-100 -1594
-100 -1594
-100 -1594
-100 -1594
-100 -1594
-100 -1594
-100 -1594
-100 -1594
-100 -1594
-100 -1594
-100 -1594
-100 -1594
-100 -1594
-100 -1594
-100 -1594
-100 -1594
-100 -2344
-100 -2157
-100 -2157
-100 -1969
-100 -1969
-100 -2344
-100 -2344
-100 -1876
-100 -1876
-100 -1501
-100 -1501
-100 -1876
-100 -1876
-100 -2251
-100 -2251
-100 -2251
-100 -2251
-100 -2813
-100 -2813
-100 -2532
-100 -2532
-100 -1688
-100 -1688
-100 -1594
-100 -1594
-100 -1876
-100 -1876
-100 -1969
-100 -1969
-100 -2438
-100 -2438
-100 -1969
-100 -1969
-100 -2532
-100 -2532
-100 -2251
-100 -2251
-100 -2157
-100 -2157
-100 -1876
-100 -1876
-100 -1313
-100 -1313
-100 -1501
-100 -1501
-100 -1501
-100 -1501
-100 -1501
-100 -1501
-100 -1688
-100 -1688
-100 -2157
-100 -2157
-100 -1501
-100 -1501
-100 -1126
-100 -1126
-100 -844
-100 -844
-100 -938
-100 -938
-100 -751
-100 -751
-100 -1688
-100 -1688
-100 -2157
-100 -2157
-100 -1219
-100 -1219
-100 -1501
-100 -1501
-100 -1126
-100 -1126
-100 -751
-100 -751
-100 -844
-100 -844
-100 -1032
-100 -1032
-100 -188
-100 -188
-100 281
-100 281
-100 -282
-100 -282
-100 -563
-100 -563
-100 -282
-100 -282
-100 -1
-100 -1
-100 -188
-100 -188
-100 -751
-100 -751
-100 -751
-100 -751
-100 -94
-100 -94
-100 93
-100 93
-100 -188
-100 -188
-100 -938
-100 -938
-100 -1126
-100 -1126
-100 -282
-100 -282
-100 -376
-100 -376
-100 -469
-100 -469
-100 -376
-100 -376
-100 -563
-100 -563
-100 -751
-100 -751
-100 93
-100 93
-100 1031
-100 1031
-100 -94
-100 -94
-100 -1
-100 -1
-100 281
-100 281
-100 375
-100 375
-100 -94
-100 -94
-100 -188
-100 -188
-100 -469
-100 -469
-100 -751
-100 -751
-100 -844
-100 -844
-100 -188
-100 -188
-100 281
-100 281
-100 0
-100 -1
-100 -563
-100 -563
-100 -751
-100 -751
-100 -282
-100 -282
-100 187
-100 187
-100 281
-100 281
-100 468
-100 468
-100 -94
-100 -94
-100 -1219
-100 -1219
-100 -657
-100 -657
-100 -1407
-100 -1407
-100 -1969
-100 -1969
-100 -1594
-100 -1594
-100 -1313
-100 -1313
-100 -1876
-100 -1876
-100 -1501
-100 -1501
-100 -1032
-100 -1032
-100 -844
-100 -844
-100 -751
-100 -751
-100 -1782
-100 -1782
-100 -3094
-100 -3094
-100 -2438
-100 -2438
-100 -2532
-100 -2532
-100 -2157
-100 -2157
-100 -2063
-100 -2063
-100 -1688
-100 -1688
-100 -1594
-100 -1594
-100 -1876
-100 -1876
-100 -2063
-100 -2063
-100 -2063
-100 -2063
-100 -1969
-100 -1969
-100 -1969
-100 -1969
-100 -2907
-100 -2907
-100 -2532
-100 -2532
-100 -2438
